Sample 1 Grain Analysis Report
====================================

Image used: C:\Users\HP\PycharmProjects\Microstructure\Optical microstructure\100 x\1\100x1.tiff
Scale: 0.473 µm/pixel
Minimum area filter: 500 pixels

Filtered grain count: 98

Equivalent diameter statistics (µm):
count     98.000000
mean      43.798849
std       19.126936
min       12.368110
25%       28.998378
50%       41.471025
75%       56.386128
max      101.278136
Name: equivalent_diameter_um, dtype: float64

Detailed filtered grain table:
    Sample  area_px     area_um2  equivalent_diameter_um  major_axis_um  minor_axis_um  aspect_ratio  roundness  solidity
1        1  36008.0  8056.033832              101.278136     164.907328      76.917475      2.143951   0.075729  0.672820
2        1  19818.0  4433.861322               75.135661      93.427347      74.337682      1.256797   0.169890  0.768080
3        1  14914.0  3336.694306               65.179837      86.415636      52.271075      1.653221   0.367330  0.835846
4        1  31023.0  6940.744767               94.006546     126.281358     115.609126      1.092313   0.057249  0.526081
5        1  28197.0  6308.486613               89.622623     128.928054      98.394125      1.310323   0.053305  0.615601
6        1  11932.0  2669.534428               58.300573      77.717853      49.198770      1.579671   0.293073  0.783402
7        1  17835.0  3990.206715               71.277549     113.050338      65.094848      1.736702   0.078486  0.610913
8        1   7303.0  1633.892887               45.610712      91.426220      39.945244      2.288789   0.098007  0.547862
9        1   5272.0  1179.499288               38.752873      58.721586      29.225436      2.009263   0.529242  0.823621
10       1   6573.0  1470.570717               43.271108      53.704816      37.191984      1.443989   0.479593  0.861807
11       1  19181.0  4291.345949               73.918275     127.950571      55.059262      2.323870   0.137745  0.689642
12       1   3377.0   755.532833               31.015710      78.209077      16.472402      4.747886   0.173698  0.628396
13       1    873.0   195.315417               15.769696      59.541092       4.367145     13.633870   0.202548  0.937701
14       1    786.0   175.850994               14.963303      47.692088       4.872968      9.787072   0.258544  0.953883
15       1    851.0   190.393379               15.569726      46.205810       5.460598      8.461676   0.294926  0.955107
16       1   9033.0  2020.944057               50.726185      76.541296      44.488567      1.720471   0.207427  0.625078
17       1   4202.0   940.109258               34.597461      56.183840      24.383527      2.304172   0.501045  0.831256
18       1   7707.0  1724.279403               46.855317      55.200498      42.639402      1.294589   0.376162  0.835810
19       1  10699.0  2393.676571               55.206192      78.504842      47.591903      1.649542   0.158370  0.678354
20       1   6589.0  1474.150381               43.323741      55.172975      37.658536      1.465085   0.401512  0.840219
21       1  11952.0  2674.009008               58.349413     123.317172      38.245048      3.224396   0.140100  0.612170
22       1   4580.0  1024.678820               36.120100      43.260434      37.443188      1.155362   0.361075  0.748244
23       1   5563.0  1244.604427               39.808034      49.665147      40.448503      1.227861   0.187207  0.706144
24       1  11536.0  2580.937744               57.324968      73.669110      52.894698      1.392750   0.148240  0.708817
25       1   5847.0  1308.143463               40.811518      47.601056      41.487528      1.147358   0.289995  0.718835
26       1   2946.0   659.105634               28.968938      43.217817      21.145069      2.043872   0.553543  0.882300
27       1   6643.0  1486.231747               43.500908      88.549915      29.149773      3.037757   0.190867  0.646269
28       1   7321.0  1637.920009               45.666887      80.227997      42.696911      1.879012   0.156790  0.615417
29       1   6111.0  1367.207919               41.722694     105.598862      46.387964      2.276428   0.087264  0.401934
30       1   1226.0   274.291754               18.687940      50.820718       9.976133      5.094230   0.284751  0.643232
31       1   5101.0  1141.241629               38.119207      52.312990      32.818020      1.594032   0.324095  0.806355
32       1  14259.0  3190.151811               63.732468     141.960211      49.928426      2.843274   0.069528  0.551243
33       1  19432.0  4347.501928               74.400345     149.449562      71.091285      2.102221   0.051746  0.421427
34       1   4863.0  1087.994127               37.219311      49.778325      29.061228      1.712878   0.451174  0.874955
35       1   4381.0   980.156749               35.326680      51.025484      27.853444      1.831927   0.394968  0.800914
36       1  19372.0  4334.078188               74.285394     161.833806      71.248183      2.271410   0.041910  0.437271
37       1   2727.0   610.108983               27.871399      39.060586      23.453705      1.665434   0.500503  0.854323
39       1   2621.0   586.393709               27.324342      49.118783      16.942457      2.899153   0.428082  0.809951
40       1  11430.0  2557.222470               57.060992     104.290840      47.945360      2.175202   0.090004  0.554289
41       1  14708.0  3290.606132               64.728123     129.767773      44.644777      2.906673   0.071190  0.634814
42       1   6039.0  1351.099431               41.476177      56.414784      35.271130      1.599461   0.261746  0.763561
43       1  12622.0  2823.907438               59.962577      90.800334      72.717734      1.248668   0.060431  0.465293
44       1   3074.0   687.742946               29.591578      43.579124      23.544990      1.850887   0.415863  0.756770
46       1   8395.0  1878.204955               48.901992      69.112495      46.669413      1.480895   0.114252  0.609393
47       1  16672.0  3730.009888               68.914411     182.394430      60.922536      2.993875   0.048493  0.397805
48       1   4226.0   945.478754               34.696123      52.772104      27.956376      1.887659   0.325737  0.743752
49       1  11352.0  2539.771608               56.865962      99.574381      55.304861      1.800463   0.082115  0.575309
50       1   7852.0  1756.720108               47.294033      82.996704      50.870157      1.631540   0.111432  0.510865
51       1   3259.0   729.132811               30.469013      32.699418      31.384973      1.041881   0.400572  0.789869
52       1   7179.0  1606.150491               45.221835     100.837024      28.538813      3.533329   0.206297  0.633013
53       1   6613.0  1479.519877               43.402572      68.957141      39.200095      1.759106   0.182423  0.649161
54       1  24172.0  5407.977388               82.979821     177.556419      82.609041      2.149358   0.035622  0.440468
55       1   2646.0   591.986934               27.454347      40.374769      21.729603      1.858054   0.341161  0.712823
56       1   1851.0   414.122379               22.962513      24.795628      24.018266      1.032365   0.497128  0.851034
57       1   9475.0  2119.832275               51.952423      78.895204      49.613396      1.590200   0.131910  0.617545
58       1   5842.0  1307.024818               40.794064      61.968199      32.099192      1.930522   0.292180  0.754585
59       1   3051.0   682.597179               29.480667      55.867733      18.856245      2.962824   0.311878  0.747245
60       1  17147.0  3836.281163               69.889233     132.163250      84.964264      1.555516   0.049951  0.451261
61       1   7253.0  1622.706437               45.454307      69.071255      47.791360      1.445267   0.112592  0.569399
62       1   8152.0  1823.838808               48.189041      79.018803      40.783802      1.937505   0.123115  0.618278
63       1   1894.0   423.742726               23.227699      38.667153      15.945738      2.424921   0.494535  0.817789
64       1   1853.0   414.569837               22.974915      36.877435      17.306863      2.130798   0.353847  0.775314
65       1   3115.0   696.915835               29.788266      36.675681      28.633586      1.280862   0.295712  0.751689
66       1  12486.0  2793.480294               59.638658     139.880263      42.363111      3.301936   0.081279  0.540075
67       1   2901.0   649.037829               28.746837      37.610968      27.670781      1.359230   0.258702  0.689074
68       1   2970.0   664.475130               29.086698      58.459954      18.516921      3.157110   0.213985  0.643554
69       1   5664.0  1267.201056               40.167779      56.223535      38.709508      1.452448   0.182557  0.727646
70       1  11354.0  2540.219066               56.870971     104.630021      55.909105      1.871431   0.074052  0.515927
71       1  10218.0  2286.062922               53.950957     101.422861      43.491724      2.332004   0.080530  0.551847
72       1  14241.0  3186.124689               63.692228     137.710585      64.779740      2.125828   0.050020  0.475223
73       1   8643.0  1933.689747               49.619051      86.739317      52.449886      1.653756   0.078534  0.531811
74       1   6036.0  1350.428244               41.465873      70.655862      31.651949      2.232275   0.232354  0.691726
75       1   5470.0  1223.797630               39.473884      67.359288      34.036911      1.979007   0.132254  0.590521
76       1  11299.0  2527.913971               56.733059     114.215988      43.844001      2.605054   0.131198  0.557342
77       1   2824.0   631.810696               28.362764      49.592815      19.555982      2.535941   0.334351  0.724474
78       1   3503.0   783.722687               31.589028      48.705853      27.751815      1.755051   0.316876  0.709397
79       1    537.0   120.142473               12.368110      25.246503       7.480164      3.375127   0.452764  0.801493
80       1   6744.0  1508.828376               43.830354      57.955491      43.723148      1.325510   0.133862  0.652161
81       1   2012.0   450.142748               23.940333      29.065134      24.084399      1.206803   0.383590  0.759532
82       1  10753.0  2405.757937               55.345335      98.304916      56.904784      1.727533   0.078366  0.496973
83       1    715.0   159.966235               14.271487      27.867933       7.887300      3.533266   0.520739  0.879459
84       1   3890.0   870.305810               33.288253      50.444716      33.571028      1.502626   0.172015  0.664049
85       1   3883.0   868.739707               33.258288      44.553027      31.899458      1.396670   0.222270  0.718941
86       1   8521.0  1906.394809               49.267609      74.413811      53.588484      1.388616   0.093605  0.567310
87       1   1980.0   442.983420               23.749190      39.885170      17.997346      2.216169   0.421119  0.801944
88       1   1511.0   338.054519               20.746672      29.923305      14.878960      2.011115   0.585884  0.908053
89       1   1317.0   294.651093               19.369084      22.993718      17.808059      1.291197   0.566292  0.892276
90       1   4592.0  1027.363568               36.167388      63.065006      26.854002      2.348440   0.241300  0.687734
91       1   1257.0   281.227353               18.922732      26.201903      14.440721      1.814446   0.684749  0.927675
92       1   2826.0   632.258154               28.372805      34.039639      25.693527      1.324833   0.446278  0.816527
93       1   1698.0   379.891842               21.993029      27.515011      19.335623      1.423022   0.607718  0.860618
94       1   2637.0   589.973373               27.407616      40.339478      25.227798      1.599009   0.321284  0.727047
95       1   2566.0   574.088614               27.036130      44.201020      23.475501      1.882857   0.224771  0.635778
96       1   5582.0  1248.855278               39.875957      62.635321      35.812924      1.748959   0.200822  0.613946
97       1   7619.0  1704.591251               46.587047      90.805397      43.366610      2.093901   0.114809  0.536814
98       1  26805.0  5997.055845               87.382428     354.132996      72.204482      4.904585   0.021474  0.351938
99       1   9509.0  2127.439061               52.045553      83.117635      59.390200      1.399518   0.059735  0.571936
100      1   1448.0   323.959592               20.309558      23.345460      19.680409      1.186228   0.503697  0.826484