Sample 12 Grain Analysis Report
====================================

Image used: C:\Users\HP\PycharmProjects\Microstructure\Optical microstructure\100 x\12\100x1.tiff
Scale: 0.473 µm/pixel
Minimum area filter: 500 pixels

Filtered grain count: 106

Equivalent diameter statistics (µm):
count    106.000000
mean      44.605744
std       17.213746
min       17.733756
25%       31.370139
50%       41.955883
75%       53.579918
max      102.744170
Name: equivalent_diameter_um, dtype: float64

Detailed filtered grain table:
    Sample  area_px     area_um2  equivalent_diameter_um  major_axis_um  minor_axis_um  aspect_ratio  roundness  solidity
1       12  15209.0  3402.694361               65.821311      98.683634      48.223827      2.046367   0.385959  0.837961
2       12  11091.0  2481.378339               56.208443      74.619666      59.344278      1.257403   0.330043  0.725566
3       12  20814.0  4656.695406               77.000576      92.007147      68.841070      1.336515   0.335711  0.835937
4       12  12291.0  2749.853139               59.171123      85.307356      46.185738      1.847050   0.273656  0.728485
5       12  26932.0  6025.469428               87.589189     121.206736      83.809123      1.446224   0.080731  0.603667
6       12  30006.0  6713.212374               92.452839     142.640043     101.181199      1.409748   0.060547  0.554168
7       12  37058.0  8290.949282              102.744170     276.600481      63.941142      4.325861   0.032331  0.515841
8       12  16661.0  3727.548869               68.891673     114.071066      60.982967      1.870540   0.106274  0.672140
9       12   8458.0  1892.299882               49.085141      52.850330      48.483885      1.090060   0.443968  0.842934
10      12  13596.0  3041.819484               62.233149      84.599913      63.900780      1.323926   0.115489  0.632490
11      12  16872.0  3774.755688               69.326533     112.604556      64.804918      1.737593   0.099404  0.573215
12      12   4497.0  1006.109313               35.791314      44.849423      31.098107      1.442191   0.400473  0.834942
13      12  23112.0  5170.824648               81.139993     130.957895      74.046919      1.768580   0.062454  0.617852
14      12   2078.0   464.908862               24.329824      32.952172      20.513997      1.606326   0.434274  0.799538
15      12  11165.0  2497.934285               56.395644     129.856145      52.428082      2.476843   0.122183  0.531414
16      12   6061.0  1356.021469               41.551656      52.638178      42.245260      1.246014   0.290886  0.772299
17      12   6718.0  1503.011422               43.745784      55.147778      44.573392      1.237235   0.237823  0.712181
18      12   3032.0   678.346328               29.388729      73.033603      19.042301      3.835335   0.261985  0.615135
19      12   2607.0   583.261503               27.251268      46.625969      17.194857      2.711623   0.548875  0.867554
20      12   9362.0  2094.550898               51.641699      73.787135      49.320709      1.496068   0.153141  0.607725
21      12  11063.0  2475.113927               56.137447      78.916276      54.370973      1.451441   0.163206  0.658473
22      12   8679.0  1941.743991               49.722281      75.515667      39.580154      1.907917   0.148770  0.672061
23      12   8675.0  1940.849075               49.710822      78.649195      47.431953      1.658148   0.145388  0.589014
24      12   4521.0  1011.478809               35.886694      58.906665      30.618725      1.923877   0.153381  0.641004
25      12   2787.0   623.532723               28.176347      44.792234      21.559841      2.077577   0.298527  0.709341
26      12   6513.0  1457.146977               43.073160      60.309517      37.099464      1.625617   0.240391  0.723104
27      12   9819.0  2196.795051               52.887109      90.124913      39.752125      2.267172   0.171495  0.646497
28      12   6980.0  1561.628420               44.590661      82.708061      33.505979      2.468457   0.230431  0.665776
29      12  12565.0  2811.154885               59.827030     107.720837      60.840771      1.770537   0.113563  0.572359
30      12   2167.0   484.820743               24.845381      57.771519      18.524071      3.118727   0.285243  0.564617
31      12   5138.0  1149.519602               38.257206      52.605629      38.559086      1.364286   0.221636  0.721731
32      12   6462.0  1445.736798               42.904187      60.622697      37.676609      1.609027   0.236997  0.688546
33      12   3413.0   763.587077               31.180591      52.274952      20.487128      2.551600   0.458621  0.787313
34      12   9361.0  2094.327169               51.638940      93.782912      38.496773      2.436124   0.158455  0.629523
35      12   8099.0  1811.981171               48.032136      72.125976      39.461108      1.827774   0.160545  0.728196
36      12   8387.0  1876.415123               48.878686      77.502995      38.612171      2.007217   0.187709  0.725959
37      12   2436.0   545.003844               26.342370      38.144366      19.117223      1.995288   0.605243  0.874686
38      12  21087.0  4717.773423               77.503908     160.457519      73.581511      2.180677   0.054852  0.502706
39      12  14670.0  3282.104430               64.644452     176.827719      43.278739      4.085787   0.072823  0.489996
40      12   8422.0  1884.245638               48.980568     101.542378      33.233172      3.055452   0.121131  0.618764
41      12   5738.0  1283.757002               40.429323      61.740154      40.218440      1.535121   0.158006  0.622680
42      12   3055.0   683.492095               29.499986      31.839603      28.711765      1.108939   0.697576  0.922682
43      12   6651.0  1488.021579               43.527094      87.781144      35.434471      2.477281   0.152731  0.572671
44      12  19377.0  4335.196833               74.294980     147.013624      68.058162      2.160117   0.045838  0.568491
45      12   2594.0   580.353026               27.183238      33.445453      26.709186      1.252208   0.414199  0.775486
46      12   4129.0   923.777041               34.295619      56.426786      26.360424      2.140587   0.281927  0.743830
47      12   3411.0   763.139619               31.171454      44.678904      27.083231      1.649689   0.377303  0.724511
48      12   5108.0  1142.807732               38.145354      45.648655      39.066025      1.168500   0.303652  0.728362
49      12   3616.0   809.004064               32.094485      36.339801      32.910845      1.104189   0.485129  0.800531
50      12   3203.0   716.603987               30.206101      46.103545      24.956836      1.847331   0.376837  0.785049
51      12   3258.0   728.909082               30.464338      48.678710      21.898656      2.222909   0.362451  0.800295
52      12   4282.0   958.007578               34.925251      67.987870      20.007075      3.398191   0.269009  0.758279
53      12   4179.0   934.963491               34.502645      56.966626      33.498171      1.700589   0.251024  0.637237
54      12   7740.0  1731.662460               46.955523      70.612238      45.299024      1.558803   0.201372  0.658555
55      12   6612.0  1479.296148               43.399290      91.507946      34.187881      2.676619   0.082290  0.532239
56      12   1960.0   438.508840               23.628940      31.049344      18.813132      1.650408   0.573494  0.878136
57      12   5402.0  1208.584058               39.227758      58.396552      34.864088      1.674977   0.191053  0.705498
58      12  20272.0  4535.434288               75.991409     210.501012      54.328426      3.874602   0.050511  0.513944
59      12   7618.0  1704.367522               46.583990      73.377316      39.537317      1.855900   0.176240  0.665735
60      12   7022.0  1571.025038               44.724615      60.009428      46.787117      1.282606   0.159696  0.661143
61      12   5126.0  1146.834854               38.212504      49.988741      36.716957      1.361462   0.348490  0.799813
62      12   6179.0  1382.421491               41.954186      79.721784      29.153118      2.734589   0.181584  0.658251
63      12   6180.0  1382.645220               41.957581      70.687583      32.364541      2.184106   0.214011  0.694382
64      12   3621.0   810.122709               32.116667      61.138044      25.489554      2.398553   0.163863  0.601295
65      12   3071.0   687.071759               29.577135      34.062294      26.431350      1.288708   0.673231  0.900059
66      12   2417.0   540.752993               26.239438      40.647978      18.886500      2.152224   0.441149  0.778422
67      12  20712.0  4633.875048               76.811672     191.197626      74.262129      2.574632   0.050044  0.418754
68      12   5706.0  1276.597674               40.316431      82.810143      28.891894      2.866207   0.160660  0.618872
69      12   7642.0  1709.737018               46.657312      86.747550      47.798296      1.814867   0.145509  0.572778
70      12   3581.0   801.173549               31.938783      48.565230      26.631369      1.823610   0.347712  0.778986
71      12   6414.0  1434.997806               42.744543      85.889423      29.299848      2.931395   0.186447  0.590445
72      12  10165.0  2274.205285               53.810855      86.503378      74.317471      1.163971   0.059217  0.507413
73      12   1296.0   289.952784               19.214040      28.930224      13.748985      2.104172   0.666428  0.881033
74      12   6353.0  1421.350337               42.540798      60.776971      38.458052      1.580344   0.144825  0.661564
75      12  12975.0  2902.883775               60.795283     125.747970      51.521652      2.440682   0.095617  0.575975
76      12   2193.0   490.637697               24.993986      35.145168      18.931699      1.856419   0.628607  0.854638
77      12   6061.0  1356.021469               41.551656      65.276562      34.217687      1.907685   0.190788  0.715923
78      12   9254.0  2070.388166               51.342965      89.280730      48.553101      1.838827   0.073976  0.563993
79      12   4464.0   998.726256               35.659750      64.352490      31.180490      2.063870   0.194057  0.688039
80      12  12376.0  2768.870104               59.375373      98.593838      59.557135      1.655450   0.073452  0.591022
81      12   3081.0   689.309049               29.625252      43.248579      24.753687      1.747157   0.337946  0.772955
82      12  20504.0  4587.339416               76.425009     131.405177      82.889948      1.585297   0.042886  0.520803
83      12   2619.0   585.946251               27.313915      46.266956      19.834295      2.332675   0.248546  0.702333
84      12   1223.0   273.620567               18.665062      30.847248      12.943189      2.383280   0.496612  0.787001
85      12   5683.0  1271.451907               40.235095      54.748060      43.412800      1.261104   0.188635  0.606899
86      12   5040.0  1127.594160               37.890599      48.505039      39.012863      1.243309   0.205915  0.689184
87      12   2924.0   654.183596               28.860569      39.269483      22.607066      1.737045   0.553631  0.862791
88      12   1712.0   383.024048               22.083509      26.339226      20.710667      1.271771   0.651470  0.876600
89      12   4084.0   913.709236               34.108221      46.749334      28.303658      1.651706   0.396018  0.788265
90      12   3028.0   677.451412               29.369337      43.495354      23.441607      1.855477   0.383679  0.741430
91      12   2328.0   520.841112               25.751806      46.512719      19.148334      2.429074   0.361241  0.727500
92      12   8219.0  1838.828651               48.386665      73.241938      52.451033      1.396387   0.108875  0.574153
93      12   1321.0   295.546009               19.398476      25.823925      15.313363      1.686365   0.657499  0.913555
94      12  11717.0  2621.432693               57.772933     106.023085      52.895027      2.004406   0.084004  0.578046
95      12   4659.0  1042.353411               36.430284      93.637685      20.084776      4.662122   0.198944  0.635087
96      12  11752.0  2629.263208               57.859156     117.959806      44.994653      2.621641   0.087168  0.546021
97      12   6287.0  1406.584223               42.319247      90.095490      27.624813      3.261397   0.237529  0.637562
98      12   7972.0  1783.567588               47.654053      84.886621      45.409602      1.869354   0.127978  0.579613
99      12   4393.0   982.841497               35.375029      57.126600      29.681074      1.924681   0.230520  0.677514
100     12  12895.0  2884.985455               60.607570      81.569650      67.325727      1.211567   0.097542  0.625152
101     12   5306.0  1187.106074               38.877634      57.407155      35.047550      1.637979   0.210021  0.697240
102     12   2085.0   466.474965               24.370769      35.989925      19.162010      1.878192   0.467277  0.813500
103     12  10654.0  2383.608766               55.089971      95.434324      68.177224      1.399798   0.064700  0.475880
104     12   5209.0  1165.404361               38.520630      63.597991      28.824645      2.206376   0.296255  0.692226
105     12   3926.0   878.360054               33.441931      45.876176      29.171538      1.572635   0.284127  0.757769
106     12   1104.0   246.996816               17.733756      23.369924      15.616572      1.496482   0.554854  0.833837