Sample 4 Grain Analysis Report
====================================

Image used: C:\Users\HP\PycharmProjects\Microstructure\Optical microstructure\100 x\4\100x1.tiff
Scale: 0.473 µm/pixel
Minimum area filter: 500 pixels

Filtered grain count: 133

Equivalent diameter statistics (µm):
count    133.000000
mean      38.842631
std       14.259471
min       12.539659
25%       29.272183
50%       37.307224
75%       46.397108
max       88.237238
Name: equivalent_diameter_um, dtype: float64

Detailed filtered grain table:
    Sample  area_px     area_um2  equivalent_diameter_um  major_axis_um  minor_axis_um  aspect_ratio  roundness  solidity
1        4  27332.0  6114.961028               88.237238     106.061825      83.588605      1.268855   0.175429  0.725853
2        4  14276.0  3193.955204               63.770448     112.480912      51.260378      2.194305   0.113852  0.594091
3        4  15510.0  3470.036790               66.469452      88.604655      60.270219      1.470123   0.154730  0.700700
4        4   2923.0   653.959867               28.855633      68.398774      16.113584      4.244790   0.272535  0.677247
5        4  14310.0  3201.561990               63.846342      80.258787      61.044662      1.314755   0.197950  0.717473
6        4   1011.0   226.190019               16.970388      47.125342       6.727350      7.005038   0.293418  0.839004
7        4   3945.0   882.610905               33.522755      56.048280      22.705569      2.468482   0.470933  0.782583
8        4   8337.0  1865.228673               48.732770      74.940070      37.328557      2.007580   0.259841  0.773161
9        4    714.0   159.742506               14.261503      43.351061       4.866520      8.908021   0.278608  0.954545
10       4   6811.0  1523.818219               44.047538      68.636203      34.795477      1.972561   0.204475  0.663775
11       4   7053.0  1577.960637               44.823229      80.111822      34.948552      2.292279   0.208414  0.716259
12       4   2973.0   665.146317               29.101385      51.165758      19.302522      2.650729   0.513534  0.866259
13       4   6633.0  1483.994457               43.468154      88.869698      36.751867      2.418100   0.172149  0.577134
14       4   4886.0  1093.139894               37.307224      48.948199      33.272319      1.471139   0.250851  0.740415
15       4   3024.0   676.556496               29.349932      45.805552      20.051976      2.284341   0.567651  0.915254
16       4  12777.0  2858.585433               60.329628      75.852578      63.560037      1.193400   0.144109  0.653522
17       4  10646.0  2381.818934               55.069284      94.801286      45.014699      2.106007   0.099193  0.643613
18       4  13761.0  3078.734769               62.609639      85.012370      57.365410      1.481945   0.144695  0.704104
19       4   6845.0  1531.425005               44.157342      70.596728      31.445742      2.245033   0.299849  0.744426
20       4   4853.0  1085.756837               37.181024      49.302706      29.882040      1.649911   0.541456  0.912390
21       4    691.0   154.596739               14.029921      40.139357       5.142283      7.805746   0.313661  0.963738
22       4  13380.0  2993.494020               61.736820      77.528830      58.920374      1.315824   0.144900  0.682827
23       4   1536.0   343.647744               20.917598      48.005200      11.319672      4.240865   0.318265  0.763040
24       4   3207.0   717.498903               30.224956      41.898258      22.751826      1.841534   0.613936  0.923675
25       4   7345.0  1643.289505               45.741679      72.885923      44.150640      1.650846   0.115486  0.606123
26       4   7953.0  1779.316737               47.597231      70.928511      41.026304      1.728855   0.217507  0.641268
27       4   3381.0   756.427749               31.034074      49.255347      23.434334      2.101845   0.524204  0.803470
28       4   6296.0  1408.597784               42.349527      56.759709      34.782264      1.631858   0.394803  0.830826
29       4   2644.0   591.539476               27.443969      33.614243      23.185681      1.449785   0.697797  0.935929
30       4   3639.0   814.149831               32.196394      49.566534      23.692815      2.092049   0.366289  0.807948
31       4   4719.0  1055.777151               36.664114      66.921593      27.924112      2.396552   0.157124  0.592690
32       4   6192.0  1385.329968               41.998296      63.593871      34.592844      1.838353   0.298338  0.738814
33       4   5406.0  1209.478974               39.242279      59.183031      31.344595      1.888142   0.301780  0.743093
34       4  13264.0  2967.541456               61.468619     127.508029      50.687191      2.515587   0.112072  0.523483
35       4   8722.0  1951.364338               49.845303      99.076242      34.421601      2.878316   0.155376  0.662162
36       4   4631.0  1036.088999               36.320648      37.831487      35.624382      1.061955   0.771568  0.946648
37       4   8166.0  1826.971014               48.230403      89.037411      47.956754      1.856619   0.096155  0.473419
38       4  12028.0  2691.012412               58.534634      82.891125      63.920613      1.296782   0.068194  0.579495
39       4   8168.0  1827.418472               48.236309      62.293476      43.436976      1.434112   0.199547  0.712864
40       4   6131.0  1371.682499               41.790913      84.618446      33.804877      2.503143   0.121463  0.574333
41       4  11267.0  2520.754643               56.652665      89.214586      73.948161      1.206448   0.062246  0.486506
42       4   5423.0  1213.282367               39.303932      48.740357      37.738834      1.291517   0.419217  0.805316
43       4    656.0   146.766224               13.669988      37.607509       5.148266      7.304889   0.352288  0.976190
44       4   8630.0  1930.781270               49.581721      88.480970      40.004789      2.211759   0.148226  0.596819
45       4   4430.0   991.119470               35.523689      67.036220      32.359158      2.071631   0.260024  0.623680
46       4   7177.0  1605.703033               45.215535      84.050917      38.133581      2.204118   0.185525  0.604583
47       4   6343.0  1419.113047               42.507303      68.347647      32.509142      2.102413   0.188071  0.655878
48       4   2932.0   655.973428               28.900023      39.462942      22.473177      1.756002   0.559609  0.875224
49       4   4721.0  1056.224609               36.671882      78.932068      26.408297      2.988912   0.187930  0.504920
50       4  16423.0  3674.301367               68.397849     120.079198      63.775172      1.882852   0.067023  0.585365
51       4    562.0   125.735698               12.652733      35.983866       4.622537      7.784442   0.330670  0.963979
52       4   3259.0   729.132811               30.469013      47.259140      24.022084      1.967321   0.395710  0.780038
53       4   5242.0  1172.787418               38.642455      53.959640      36.307276      1.486194   0.240486  0.716610
55       4   4124.0   922.658396               34.274847      44.881072      29.834971      1.504311   0.363433  0.844563
56       4  15692.0  3510.755468               66.858303      97.402616      70.506356      1.381473   0.079356  0.607887
57       4   8188.0  1831.893052               48.295328     107.285628      30.381884      3.531237   0.138596  0.556780
58       4   3847.0   860.685463               33.103758      49.742961      29.272060      1.699332   0.308173  0.698058
59       4   5915.0  1323.357035               41.048149      48.905964      37.356683      1.309162   0.428571  0.841035
60       4   1579.0   353.268091               21.208369      23.843410      20.160998      1.182650   0.677025  0.913245
61       4   2075.0   464.237675               24.312255      31.226357      20.406965      1.530181   0.562106  0.880730
62       4   9459.0  2116.252611               51.908540      82.871563      50.788412      1.631702   0.149160  0.650416
63       4   4742.0  1060.922918               36.753354      63.331097      31.945812      1.982454   0.181541  0.637623
64       4  13599.0  3042.490671               62.240015     136.581558      59.052117      2.312899   0.055382  0.450417
65       4   4730.0  1058.238170               36.706821      60.171528      35.986919      1.672039   0.209140  0.604782
66       4   4551.0  1018.190679               36.005564      54.754516      29.231656      1.873124   0.249629  0.772534
67       4  12702.0  2841.805758               60.152302     109.873661      47.784449      2.299360   0.095882  0.560993
68       4   3871.0   866.054959               33.206858      65.420053      23.670127      2.763824   0.213321  0.604089
69       4   8448.0  1890.062592               49.056115      83.699040      50.688831      1.651232   0.103124  0.505324
70       4   3310.0   740.542990               30.706491      49.987000      20.174729      2.477704   0.487810  0.843957
71       4   7557.0  1690.720053               46.397108      76.788987      46.373617      1.655877   0.104883  0.582428
72       4   5133.0  1148.400957               38.238587      49.066526      38.303177      1.281004   0.288870  0.679148
73       4   3796.0   849.275284               32.883596      47.225246      25.494025      1.852404   0.407181  0.819163
74       4   3784.0   846.590536               32.831579      45.970233      28.192285      1.630596   0.324581  0.712752
75       4   7088.0  1585.791152               44.934308      70.123890      35.900981      1.953258   0.204890  0.747916
76       4   5313.0  1188.672177               38.903270      69.511673      28.874677      2.407358   0.215677  0.667882
77       4  10851.0  2427.683379               55.596965      94.230678      51.123663      1.843191   0.068797  0.615695
78       4   3101.0   693.783629               29.721251      31.531403      30.678624      1.027797   0.508473  0.837655
79       4  12970.0  2901.765130               60.783568      89.835266      65.639528      1.368615   0.052281  0.574606
80       4    860.0   192.406940               15.651841      33.585262       8.252228      4.069842   0.371304  0.796296
81       4   1466.0   327.986714               20.435402      39.363941      12.169820      3.234554   0.465887  0.822671
82       4   6507.0  1455.804603               43.053316      79.535842      40.627701      1.957675   0.135385  0.547958
84       4   2536.0   567.376744               26.877621      37.290513      21.353582      1.746335   0.383549  0.807901
85       4   2731.0   611.003899               27.891833      39.066281      29.434891      1.327210   0.228499  0.692971
87       4    552.0   123.498408               12.539659      30.025778       5.552891      5.407234   0.388884  0.926174
88       4   6660.0  1490.035140               43.556534      88.390891      34.635528      2.552030   0.144951  0.593266
89       4  11713.0  2620.537777               57.763071     149.450790      39.797498      3.755281   0.045243  0.483349
90       4   1408.0   315.010432               20.027075      34.203462      13.422396      2.548238   0.436296  0.787472
91       4   2887.0   645.905623               28.677388      33.128452      26.248012      1.262132   0.588203  0.904732
92       4  11394.0  2549.168226               56.971061      83.526429      67.957397      1.229100   0.045719  0.504829
93       4    617.0   138.040793               13.257413      30.102216       6.264245      4.805402   0.462649  0.871469
94       4   4887.0  1093.363623               37.311041      56.922104      26.489377      2.148865   0.394899  0.808437
95       4   1754.0   392.420666               22.352752      31.968400      17.720210      1.804064   0.515423  0.851870
96       4   7529.0  1684.455641               46.311074     119.669194      32.264377      3.709019   0.100969  0.538132
97       4   5092.0  1139.228068               38.085565      58.057226      31.017252      1.871772   0.292007  0.740439
98       4   5114.0  1144.150106               38.167750      60.136222      28.799234      2.088119   0.277164  0.796449
99       4   3008.0   672.976832               29.272183      39.365789      23.447645      1.678880   0.448998  0.825240
100      4   1449.0   324.183321               20.316570      38.806013      11.868824      3.269575   0.481982  0.849355
101      4   6999.0  1565.879271               44.651309      86.117611      27.831523      3.094247   0.168734  0.701584
102      4   6898.0  1543.282642               44.327965      90.862701      33.437226      2.717412   0.148556  0.571074
103      4   4054.0   906.997366               33.982715      67.745869      20.300421      3.337166   0.205005  0.714487
104      4   2761.0   617.715769               28.044610      38.734875      22.449156      1.725449   0.401157  0.795448
105      4   2570.0   574.983530               27.057194      37.712815      25.285312      1.491491   0.244548  0.670668
106      4   3548.0   793.790492               31.791279      46.044518      26.125797      1.762416   0.278022  0.729741
107      4   6442.0  1441.262218               42.837741      58.085201      38.154037      1.522387   0.150896  0.726596
108      4   4810.0  1076.136490               37.015936      56.917428      29.807676      1.909489   0.172464  0.701985
109      4   9016.0  2017.140664               50.678430      94.443281      37.488989      2.519227   0.176403  0.675811
110      4   2410.0   539.186890               26.201414      29.409165      25.568004      1.150233   0.495920  0.860714
111      4   1886.0   421.952894               23.178592      35.859255      16.319147      2.197373   0.470445  0.851467
112      4  13236.0  2961.277044               61.403705      96.987296      81.729851      1.186681   0.037183  0.469745
113      4   1271.0   284.359559               19.027817      25.870658      15.671893      1.650768   0.553155  0.829634
114      4   7175.0  1605.255575               45.209234      70.437540      35.006705      2.012116   0.204787  0.723068
115      4   3357.0   751.058253               30.923730      51.325399      25.420115      2.019086   0.225634  0.657719
116      4   3372.0   754.414188               30.992741      46.320121      29.173766      1.587732   0.298968  0.692260
117      4   5925.0  1325.594325               41.082832      67.861678      34.995742      1.939141   0.143887  0.586518
118      4   3239.0   724.658231               30.375377      53.353033      20.569872      2.593747   0.248916  0.710775
119      4   4794.0  1072.556826               36.954320      59.071828      30.567493      1.932505   0.166155  0.715309
120      4   6274.0  1403.675746               42.275471      61.166838      48.487312      1.261502   0.126209  0.556206
121      4  16140.0  3610.986060               67.805975     113.755660      79.779433      1.425877   0.041050  0.502037
122      4   2157.0   482.583453               24.787988      31.121256      22.781733      1.366062   0.500601  0.803651
123      4   8172.0  1828.313388               48.248118      75.108182      53.366255      1.407410   0.097590  0.619842
124      4  11034.0  2468.625786               56.063821      91.229491      54.320340      1.679472   0.107260  0.600555
125      4   3504.0   783.946416               31.593537      42.734745      28.784085      1.484666   0.278635  0.706737
126      4   2948.0   659.553092               28.978769      35.450668      27.535306      1.287462   0.289208  0.718499
127      4   5156.0  1153.546724               38.324161      58.285944      27.763385      2.099382   0.337138  0.789587
128      4   5204.0  1164.285716               38.502138      52.432391      41.762141      1.255501   0.163876  0.643025
129      4   1865.0   417.254585               23.049187      25.507844      22.284837      1.144628   0.509127  0.847727
130      4   3636.0   813.478644               32.183119      68.567898      23.412506      2.928687   0.161736  0.584003
132      4   1447.0   323.735863               20.302544      40.423977      21.244886      1.902763   0.263701  0.522006
133      4   4820.0  1078.373780               37.054394      54.113707      29.318261      1.845734   0.250575  0.744172
135      4   7241.0  1620.021689               45.416689      62.533413      44.512524      1.404850   0.114839  0.640117
136      4   2620.0   586.169980               27.319129      41.039321      22.313207      1.839239   0.339080  0.739278
137      4   4320.0   966.509280               35.079878      72.530273      32.155040      2.255642   0.165187  0.563087
138      4    575.0   128.644175               12.798236      32.544682       5.345690      6.088022   0.334165  0.865964