Sample 6 Grain Analysis Report
====================================

Image used: C:\Users\HP\PycharmProjects\Microstructure\Optical microstructure\100 x\6\100x1.tiff
Scale: 0.473 µm/pixel
Minimum area filter: 500 pixels

Filtered grain count: 329

Equivalent diameter statistics (µm):
count    329.000000
mean      24.727329
std        8.667418
min       11.993940
25%       18.672691
50%       22.919052
75%       28.702210
max       59.024107
Name: equivalent_diameter_um, dtype: float64

Detailed filtered grain table:
    Sample  area_px     area_um2  equivalent_diameter_um  major_axis_um  minor_axis_um  aspect_ratio  roundness  solidity
1        6   9201.0  2058.530529               51.195727      58.956575      51.284295      1.149603   0.227656  0.726720
2        6   6275.0  1403.899475               42.278840      45.977620      42.191247      1.089743   0.658648  0.916594
3        6  11433.0  2557.893657               57.068480      75.841972      51.362337      1.476607   0.240964  0.753361
4        6   3713.0   830.705777               32.522107      40.219685      31.005286      1.297188   0.462551  0.881111
5        6   9718.0  2174.198422               52.614403      76.126351      38.933896      1.955272   0.332671  0.836317
6        6  10196.0  2281.140884               53.892845      75.248249      43.395901      1.733994   0.284410  0.803911
7        6  12230.0  2736.205670               59.024107      74.839395      54.173882      1.381466   0.200398  0.722045
8        6  10788.0  2413.588452               55.435334      64.694202      53.448093      1.210412   0.312304  0.778805
9        6   5653.0  1264.740037               40.128756      45.794608      36.398319      1.258152   0.600340  0.921134
10       6   2828.0   632.705612               28.382844      35.963683      24.345155      1.477242   0.648422  0.903514
11       6   6768.0  1514.197872               43.908275      50.308446      42.086626      1.195355   0.356196  0.818182
12       6   5912.0  1322.685848               41.037738      45.842906      38.807545      1.181288   0.399109  0.825353
13       6   6415.0  1435.221535               42.747875      52.520245      38.834346      1.352417   0.328509  0.833117
14       6   1735.0   388.169815               22.231355      37.328264      14.172285      2.633892   0.498760  0.851325
15       6   8516.0  1905.276164               49.253152     106.361142      36.583588      2.907346   0.099237  0.580069
16       6   3800.0   850.170200               32.900917      40.120997      28.144057      1.425558   0.712210  0.946215
17       6   6965.0  1558.272485               44.542723      57.651696      42.790130      1.347313   0.397425  0.761618
18       6   7676.0  1717.343804               46.760988      61.721800      38.767733      1.592092   0.353868  0.814689
19       6   7613.0  1703.248877               46.568700      64.172214      44.713964      1.435172   0.235132  0.636965
20       6   2774.0   620.624246               28.110556      35.262762      24.140097      1.460755   0.693485  0.946112
21       6   7168.0  1603.689472               45.187176      57.520077      53.892095      1.067319   0.212571  0.585764
22       6   4016.0   898.495664               33.823072      42.308375      29.110331      1.453380   0.488109  0.844230
23       6   7747.0  1733.228563               46.976751      69.419468      38.445956      1.805638   0.162850  0.700072
24       6   3795.0   849.051555               32.879264      41.647658      29.878065      1.393921   0.442330  0.834800
25       6   4745.0  1061.594105               36.764978      44.364845      32.653336      1.358662   0.490623  0.843556
26       6   2413.0   539.858077               26.217716      31.635580      24.793295      1.275973   0.550510  0.915750
27       6   2754.0   616.149666               28.009036      32.145605      27.717885      1.159742   0.438489  0.843492
28       6   3851.0   861.580379               33.120963      35.193602      32.258265      1.090995   0.619188  0.885084
29       6   1597.0   357.295213               21.328910      40.701504      12.636015      3.221071   0.418228  0.743136
30       6   4680.0  1047.051720               36.512295      42.885743      32.937828      1.302021   0.434769  0.834076
31       6   3259.0   729.132811               30.469013      44.111844      22.624567      1.949732   0.556736  0.848477
32       6   4183.0   935.858407               34.519153      43.423662      29.817407      1.456319   0.433220  0.807373
33       6   6719.0  1503.235151               43.749039      56.541113      48.115494      1.175112   0.192509  0.626714
34       6    608.0   136.027232               13.160367      31.605764       5.686730      5.557810   0.428336  0.972800
35       6   5205.0  1164.509445               38.505837      47.797475      35.454161      1.348149   0.281590  0.801880
36       6    636.0   142.291644               13.459991      33.257048       5.705821      5.828618   0.392328  0.965099
37       6   1681.0   376.088449               21.882657      34.470143      14.271135      2.415375   0.641974  0.954030
38       6   3764.0   842.115956               32.744699      35.694982      32.218864      1.107891   0.591698  0.856233
39       6   6502.0  1454.685958               43.036771      57.645018      38.520704      1.496468   0.269197  0.727700
40       6   3127.0   699.600583               29.845588      42.857980      24.259092      1.766677   0.441120  0.822246
41       6   4662.0  1043.024598               36.442011      52.795677      28.220897      1.870801   0.510149  0.859196
42       6   4471.0  1000.292359               35.687698      49.828332      31.821540      1.565868   0.267400  0.802549
43       6   2868.0   641.654772               28.582866      38.394408      27.984417      1.371992   0.427386  0.783393
44       6   2247.0   502.719063               25.299838      34.375659      20.123647      1.708222   0.554194  0.821873
45       6   3211.0   718.393819               30.243800      34.321930      28.225956      1.215970   0.587792  0.897178
46       6   2594.0   580.353026               27.183238      42.530245      19.038168      2.233946   0.376604  0.832478
47       6   5294.0  1184.421326               38.833646      57.605131      30.853386      1.867060   0.355223  0.745739
48       6   2571.0   575.207259               27.062458      32.666133      24.560748      1.330014   0.537020  0.838005
49       6   2124.0   475.200396               24.597641      37.055464      18.012568      2.057200   0.451723  0.818813
50       6   1934.0   432.691886               23.471694      29.936701      19.412432      1.542141   0.757700  0.928023
51       6   2674.0   598.251346               27.599226      30.424674      25.824477      1.178133   0.755133  0.956366
52       6   3585.0   802.068465               31.956616      38.251572      27.476981      1.392132   0.660425  0.921120
53       6   1568.0   350.807072               21.134366      31.961231      17.135531      1.865202   0.547075  0.769004
54       6   4294.0   960.692326               34.974154      42.985084      33.795786      1.271907   0.309825  0.759462
55       6   5231.0  1170.326399               38.601889      65.494733      34.283469      1.910388   0.142322  0.630849
56       6   2868.0   641.654772               28.582866      57.687145      20.920711      2.757418   0.199402  0.587825
57       6   3767.0   842.787143               32.757746      45.843210      26.840908      1.707961   0.328360  0.782672
58       6   4185.0   936.305865               34.527404      54.624346      24.735265      2.208359   0.313155  0.755961
59       6   4671.0  1045.038159               36.477170      51.348953      29.160195      1.760926   0.300433  0.803406
60       6   5523.0  1235.655267               39.664659      66.727269      30.863758      2.161994   0.227578  0.684302
61       6   2121.0   474.529209               24.580264      34.090346      18.472863      1.845428   0.621808  0.897588
62       6   4024.0   900.285496               33.856744      38.308040      36.842518      1.039778   0.384278  0.782879
63       6   1202.0   268.922258               18.504120      26.518883      13.538730      1.958742   0.661109  0.916857
64       6   3212.0   718.617548               30.248509      37.632615      28.463680      1.322128   0.302564  0.753814
65       6   4052.0   906.549908               33.974331      47.998109      40.007481      1.199728   0.199179  0.608043
66       6   2966.0   663.580214               29.067105      31.632899      28.087461      1.126229   0.655287  0.909537
67       6   1434.0   320.827386               20.211138      26.402853      15.749755      1.676398   0.719413  0.932986
68       6   1854.0   414.793566               22.981113      29.901139      19.673987      1.519831   0.508702  0.850849
69       6   3786.0   847.037994               32.840254      47.635614      29.599841      1.609320   0.274845  0.716910
70       6   4055.0   907.221095               33.986906      44.729781      29.791514      1.501427   0.289323  0.770473
71       6   3143.0   703.180247               29.921846      34.701370      29.036425      1.195098   0.370784  0.753175
72       6   4867.0  1088.889043               37.234615      47.198764      33.842848      1.394645   0.260025  0.803003
73       6   2029.0   453.946141               24.041260      26.852198      23.523521      1.141504   0.573820  0.905399
74       6   2032.0   454.617328               24.059027      40.677535      18.983052      2.142834   0.313886  0.707275
75       6   5401.0  1208.360329               39.224127      67.794204      36.614704      1.851557   0.135213  0.558012
76       6   1803.0   403.383387               22.662826      30.983987      17.345356      1.786299   0.602222  0.884257
77       6   2512.0   562.007248               26.750137      35.121387      21.765014      1.613663   0.457292  0.849510
78       6   3901.0   872.766829               33.335285      44.125150      27.389433      1.611028   0.468288  0.816963
79       6   2091.0   467.817339               24.405809      32.177031      19.348543      1.663021   0.634261  0.921145
80       6   3338.0   746.807402               30.836094      41.288360      26.634734      1.550170   0.356844  0.803369
81       6   1504.0   336.488416               20.698559      26.370257      17.038912      1.547649   0.716015  0.933002
82       6   2007.0   449.024103               23.910568      31.495306      18.950207      1.662003   0.713123  0.956170
83       6   3327.0   744.346383               30.785244      40.392396      26.012067      1.552833   0.291431  0.782824
84       6   4695.0  1050.407655               36.570761      53.388093      30.074132      1.775216   0.232590  0.743468
85       6   2470.0   552.610630               26.525567      42.109199      19.468990      2.162886   0.337511  0.766367
86       6   1928.0   431.349512               23.435257      28.452473      21.097322      1.348630   0.550840  0.893006
87       6   3180.0   711.458220               30.097454      45.629321      27.141291      1.681177   0.253505  0.690404
88       6    607.0   135.803503               13.149540      23.739034       7.549721      3.144359   0.624870  0.990212
90       6    886.0   198.223894               15.886677      32.436814       8.191813      3.959662   0.403638  0.872906
91       6   3185.0   712.576865               30.121106      36.625715      26.729501      1.370236   0.587002  0.865489
92       6    867.0   193.973043               15.715411      25.028270      10.112013      2.475103   0.661670  0.949617
93       6   3503.0   783.722687               31.589028      41.120163      35.094498      1.171698   0.214640  0.653545
94       6   1079.0   241.403591               17.531817      21.746060      15.055950      1.444350   0.648386  0.905961
95       6   1284.0   287.268036               19.124880      29.322551      12.918751      2.269767   0.637803  0.897275
96       6   1416.0   316.800264               20.083890      21.517191      21.017295      1.023785   0.601303  0.876780
97       6   2735.0   611.898815               27.912251      37.575613      26.140331      1.437457   0.266371  0.735413
98       6   1921.0   429.783409               23.392675      27.626172      22.305539      1.238534   0.381885  0.819539
99       6   1679.0   375.640991               21.869636      24.359643      21.341382      1.141428   0.546377  0.890716
100      6   1506.0   336.935874               20.712317      29.476173      17.666708      1.668459   0.438024  0.785193
101      6   2989.0   668.725981               29.179588      52.795570      25.472790      2.072626   0.244824  0.601287
102      6   1449.0   324.183321               20.316570      26.766297      16.290106      1.643102   0.636060  0.885697
103      6   1744.0   390.183376               22.288941      31.160104      19.032305      1.637222   0.432763  0.769299
104      6   3441.0   769.851489               31.308231      49.760006      29.141690      1.707520   0.234420  0.615894
105      6    801.0   179.206929               15.105408      28.325372       9.292715      3.048126   0.401338  0.784525
106      6   1555.0   347.898595               21.046573      29.258289      15.848931      1.846073   0.613221  0.880521
107      6   2069.0   462.895301               24.277080      29.067289      21.411739      1.357540   0.619313  0.872628
108      6   1301.0   291.071429               19.251069      32.542072      16.213643      2.007080   0.375891  0.672004
109      6   2539.0   568.047931               26.893514      32.276396      28.705768      1.124387   0.446702  0.770795
110      6    708.0   158.400132               14.201455      24.098976       8.979182      2.683872   0.541173  0.851986
111      6   3313.0   741.214177               30.720404      42.028927      25.464947      1.650462   0.372138  0.844722
112      6   1254.0   280.556166               18.900138      24.430731      15.867877      1.539634   0.646837  0.889362
114      6    769.0   172.047601               14.800602      22.846672      10.133175      2.254641   0.683898  0.914388
115      6   1699.0   380.115571               21.999504      28.840705      18.071201      1.595948   0.623855  0.878036
116      6   2311.0   517.037719               25.657608      43.584128      21.754465      2.003457   0.262467  0.673368
117      6   1727.0   386.379983               22.180042      29.949591      19.383180      1.545133   0.506504  0.783575
118      6   2179.0   487.505491               24.914078      34.808735      19.059754      1.826295   0.504654  0.850176
119      6   1455.0   325.525695               20.358590      27.276022      18.163104      1.501727   0.436558  0.833811
120      6    805.0   180.101845               15.143077      20.551186      11.604853      1.770913   0.784482  0.979319
121      6   2522.0   564.244538               26.803329      36.633631      23.530964      1.556827   0.463821  0.767498
122      6   1664.0   372.285056               21.771726      33.865736      17.668263      1.916755   0.397772  0.764355
123      6   2004.0   448.352916               23.892691      31.034630      18.849667      1.646429   0.699323  0.929068
124      6   1152.0   257.735808               18.115171      24.432193      14.058409      1.737906   0.633609  0.904239
125      6   1456.0   325.749424               20.365585      24.045881      19.067276      1.261107   0.601496  0.844548
126      6   4090.0   915.051610               34.133267      48.090247      36.069122      1.333280   0.196919  0.656501
127      6   2880.0   644.339520               28.642600      52.326973      23.914750      2.188063   0.209748  0.666050
128      6    777.0   173.837433               14.877389      23.874612       9.597961      2.487467   0.670562  0.928315
129      6   1816.0   406.291864               22.744381      27.411578      22.237460      1.232676   0.447165  0.827712
130      6   1482.0   331.566378               20.546616      26.260001      17.801557      1.475152   0.538509  0.828396
131      6   1805.0   403.830845               22.675392      25.492586      21.213652      1.201707   0.696899  0.897117
132      6   1686.0   377.207094               21.915177      25.238208      21.265995      1.186787   0.501103  0.817256
133      6   1478.0   330.671462               20.518869      24.254522      18.525669      1.309239   0.597822  0.891435
134      6    546.0   122.156034               12.471323      17.557834      10.000012      1.755781   0.610437  0.928571
135      6    818.0   183.010322               15.264861      20.717716      11.707493      1.769612   0.719856  0.941312
136      6   1444.0   323.064676               20.281487      31.970106      17.386046      1.838837   0.366699  0.673507
137      6   3867.0   865.160043               33.189697      50.425127      48.177166      1.046660   0.101804  0.488998
138      6   4017.0   898.719393               33.827283      56.806008      28.892982      1.966083   0.183076  0.615538
139      6   1464.0   327.539256               20.421458      32.451308      17.049996      1.903303   0.399681  0.768908
140      6   1669.0   373.403701               21.804411      25.934269      19.700101      1.316454   0.557704  0.836172
141      6   1970.0   440.746130               23.689141      33.393990      20.088063      1.662380   0.391626  0.793715
142      6   3055.0   683.492095               29.499986      53.932386      18.437717      2.925112   0.318612  0.829037
143      6   2017.0   451.261393               23.970062      28.262128      21.647293      1.305573   0.574159  0.861230
144      6   2182.0   488.176678               24.931222      46.459055      25.568964      1.817010   0.196824  0.528074
145      6   2978.0   666.264962               29.125846      62.292985      19.320599      3.224175   0.213858  0.621712
146      6    794.0   177.640826               15.039259      20.841387      11.147561      1.869592   0.767191  0.963592
147      6   1488.0   332.908752               20.588166      34.781640      15.628504      2.225526   0.379870  0.732283
148      6   6083.0  1360.943507               41.627000      75.589732      34.555173      2.187508   0.103637  0.640114
149      6   1413.0   316.129077               20.062603      24.251877      17.659139      1.373333   0.638570  0.892609
150      6   1778.0   397.790162               22.505159      38.582609      15.721908      2.454067   0.444466  0.769364
152      6   2008.0   449.247832               23.916524      30.069888      22.256375      1.351069   0.537411  0.817590
153      6   1724.0   385.708796               22.160769      28.370913      18.578706      1.527066   0.476267  0.862863
154      6    984.0   220.149336               16.742247      20.792047      14.164276      1.467922   0.619875  0.880931
155      6    790.0   176.745910               15.001329      23.830620      10.442103      2.282167   0.546242  0.833333
156      6   1449.0   324.183321               20.316570      23.633354      17.728893      1.333042   0.803174  0.939080
157      6    884.0   197.776436               15.868736      19.982883      13.509893      1.479130   0.694545  0.876984
158      6   1569.0   351.030801               21.141104      23.815446      20.272478      1.174767   0.651488  0.896571
159      6   2233.0   499.586857               25.220899      32.794617      21.199317      1.546966   0.479516  0.822468
160      6   1152.0   257.735808               18.115171      23.826763      14.962041      1.592481   0.571213  0.857143
161      6    800.0   178.983200               15.095976      20.530504      12.088227      1.698388   0.624451  0.862999
162      6   1479.0   330.895191               20.525809      23.534240      18.681114      1.259788   0.689618  0.897451
163      6   1705.0   381.457945               22.038315      28.022177      18.466247      1.517481   0.593984  0.868569
164      6   2511.0   561.783519               26.744812      37.945049      21.502354      1.764693   0.440624  0.781513
165      6    893.0   199.789997               15.949311      22.834298      11.705609      1.950714   0.667707  0.926349
166      6   1044.0   233.573076               17.245129      19.879193      17.446557      1.139434   0.517431  0.805556
167      6   1375.0   307.627375               19.790991      31.369349      14.292575      2.194800   0.412960  0.758411
168      6   1799.0   402.488471               22.637673      28.188988      19.970343      1.411542   0.445614  0.834803
169      6   1333.0   298.230757               19.486385      20.583916      18.969759      1.085091   0.764923  0.947406
170      6   1555.0   347.898595               21.046573      24.817178      18.583862      1.335416   0.581720  0.871637
171      6   1374.0   307.403646               19.783793      21.641216      20.176373      1.072602   0.571453  0.845538
172      6   2892.0   647.024268               28.702210      48.546791      20.824201      2.331268   0.394006  0.756078
173      6   3007.0   672.753103               29.267317      58.311405      20.991775      2.777822   0.277514  0.673159
174      6   1130.0   252.813770               17.941363      22.302872      15.037473      1.483153   0.686880  0.927750
175      6   1064.0   238.047656               17.409529      17.966477      17.616098      1.019890   0.739458  0.913305
176      6   3051.0   682.597179               29.480667      51.270101      26.911829      1.905114   0.205889  0.618990
177      6    831.0   185.918799               15.385681      22.448151      11.416837      1.966232   0.581719  0.866528
178      6   2135.0   477.661415               24.661253      34.888143      22.882393      1.524672   0.387526  0.740805
179      6   1166.0   260.868014               18.224913      20.628246      17.373729      1.187324   0.592960  0.852339
180      6    959.0   214.556111               16.528198      21.500532      13.334011      1.612458   0.652284  0.891264
181      6   1632.0   365.125728               21.561366      26.542992      17.912907      1.481780   0.645038  0.907171
182      6    686.0   153.478094               13.979069      18.448187      10.993618      1.678082   0.700853  0.951456
183      6   3227.0   721.973483               30.319057      48.975356      28.086533      1.743731   0.271256  0.639643
184      6   3398.0   760.231142               31.111997      57.580527      22.465002      2.563121   0.200094  0.706592
186      6   1460.0   326.644340               20.393540      33.934963      13.392837      2.533814   0.501700  0.837636
187      6   1880.0   420.610520               23.141693      40.872362      22.339397      1.829609   0.253644  0.624585
188      6    890.0   199.118810               15.922498      21.134482      12.635413      1.672639   0.687630  0.917526
189      6   1245.0   278.542605               18.832192      22.644787      16.272487      1.391600   0.659478  0.893113
190      6   1968.0   440.298672               23.677113      57.996332      11.545110      5.023454   0.229150  0.732143
191      6   2431.0   543.885199               26.315321      54.960369      19.112031      2.875695   0.222284  0.611111
192      6   2715.0   607.424235               27.810008      35.280792      27.916826      1.263782   0.349739  0.754586
193      6   1193.0   266.908697               18.434715      19.826290      18.718742      1.059168   0.622950  0.864493
194      6    759.0   169.810311               14.704054      18.234098      12.338938      1.477769   0.791143  0.965649
195      6   2838.0   634.942902               28.432981      59.165907      20.322544      2.911344   0.279821  0.645293
196      6   2024.0   452.827496               24.011620      28.191464      24.374284      1.156607   0.459859  0.824776
197      6   2736.0   612.122544               27.917354      44.818780      18.889445      2.372689   0.437002  0.878049
198      6   2819.0   630.692051               28.337644      40.342136      28.364595      1.422271   0.185086  0.664388
199      6   1565.0   350.135885               21.114139      32.170658      15.775280      2.039308   0.443865  0.811722
200      6   2774.0   620.624246               28.110556      54.352012      17.798820      3.053686   0.260621  0.737962
201      6   1100.0   246.101900               17.701601      27.853757      12.655359      2.200946   0.494483  0.846154
202      6   1392.0   311.430768               19.912960      27.033801      17.012859      1.589022   0.468108  0.809773
203      6   2868.0   641.654772               28.582866      56.545135      21.660562      2.610511   0.190275  0.637192
204      6   1963.0   439.180027               23.647016      30.512925      20.273965      1.505030   0.500491  0.834609
205      6   1004.0   224.623916               16.911536      24.285513      12.757078      1.903689   0.467364  0.835275
206      6   2290.0   512.339410               25.540767      41.897987      23.494652      1.783299   0.191461  0.669982
207      6   1951.0   436.495279               23.574627      38.080994      18.699556      2.036465   0.333188  0.702051
208      6    808.0   180.773032               15.171268      21.344064      11.583651      1.842602   0.564121  0.842544
209      6   1695.0   379.220655               21.973592      36.258347      16.057777      2.257993   0.395025  0.782187
210      6   1252.0   280.108708               18.885060      23.018889      16.804472      1.369807   0.631643  0.858711
211      6   1896.0   424.190184               23.239959      30.303565      20.018967      1.513743   0.475845  0.842292
212      6   1499.0   335.369771               20.664125      29.733861      18.079456      1.644621   0.297084  0.733007
213      6   1898.0   424.637642               23.252214      28.812083      23.231744      1.240203   0.351109  0.741986
214      6   2950.0   660.000550               28.988598      41.089266      29.468167      1.394361   0.278426  0.654102
215      6   1270.0   284.135830               19.020331      24.535115      17.171125      1.428859   0.457391  0.802274
216      6   5578.0  1247.960362               39.861667      86.240864      30.854878      2.795048   0.095287  0.539354
217      6    654.0   146.318766               13.649133      22.102549      10.214618      2.163816   0.393932  0.764019
218      6   1163.0   260.196827               18.201453      26.128778      14.085104      1.855065   0.455458  0.789009
219      6   2225.0   497.797025               25.175680      53.705838      19.211814      2.795459   0.227889  0.580183
220      6    962.0   215.227298               16.554030      20.765196      13.880057      1.496045   0.610563  0.865887
221      6   1167.0   261.091743               18.232727      20.589697      18.423575      1.117573   0.531121  0.836559
223      6   2494.0   557.980126               26.654125      35.820645      25.119538      1.426007   0.270845  0.760366
224      6    548.0   122.603492               12.494143      17.736760       9.084669      1.952384   0.725061  0.951389
225      6   1359.0   304.047711               19.675507      25.052533      17.190810      1.457321   0.520901  0.804142
226      6   1079.0   241.403591               17.531817      18.764695      16.783917      1.118016   0.752129  0.917517
227      6   1147.0   256.617163               18.075816      27.504169      14.795523      1.858952   0.506747  0.795975
228      6   1719.0   384.590151               22.128610      28.325707      19.499828      1.452613   0.419666  0.796940
229      6    759.0   169.810311               14.704054      20.811113      10.717952      1.941706   0.650936  0.915561
230      6   1701.0   380.563029               22.012449      35.374745      14.510816      2.437819   0.505067  0.883178
231      6   1175.0   262.881575               18.295115      26.417252      14.479592      1.824447   0.572403  0.845324
232      6    969.0   216.793401               16.614149      24.278629      13.014907      1.865448   0.451071  0.783347
233      6   2387.0   534.041123               26.076086      52.507744      18.982252      2.766149   0.229077  0.644612
234      6    673.0   150.569617               13.845981      18.143254      11.574315      1.567545   0.573471  0.840200
235      6    910.0   203.593390               16.100409      19.283179      15.189339      1.269521   0.561158  0.832571
236      6   1224.0   273.844296               18.672691      22.242524      17.337622      1.282905   0.616731  0.838931
237      6   1408.0   315.010432               20.027075      27.979832      15.090548      1.854130   0.561711  0.864334
238      6   2557.0   572.075053               26.988675      39.134279      27.658153      1.414927   0.213738  0.648162
239      6    901.0   201.579829               16.020593      17.545837      14.972117      1.171901   0.784637  0.931748
240      6    712.0   159.295048               14.241515      18.147635      12.492554      1.452676   0.632007  0.855769
241      6   2420.0   541.424180               26.255717      50.912735      16.903296      3.012001   0.237049  0.659401
242      6   1811.0   405.173219               22.713048      30.501032      19.640597      1.552959   0.513695  0.808121
243      6   1170.0   261.762930               18.256147      20.513711      19.010058      1.079098   0.507499  0.779480
244      6   1274.0   285.030746               19.050260      35.923627      12.414778      2.893618   0.335176  0.770720
245      6   1896.0   424.190184               23.239959      38.653353      17.011719      2.272160   0.349437  0.765751
246      6    765.0   171.152685               14.762058      17.125460      13.548425      1.264019   0.800325  0.957447
247      6   1844.0   412.556276               22.919052      36.060429      18.991809      1.898736   0.322510  0.725413
248      6   1029.0   230.217141               17.120793      22.352120      13.971278      1.599862   0.669711  0.901840
249      6   1403.0   313.891787               19.991484      25.869817      16.808770      1.539067   0.627797  0.885732
250      6    593.0   132.671297               12.997013      16.347218      10.828426      1.509658   0.737394  0.947284
251      6    518.0   115.891622               12.147337      22.750001       7.332589      3.102588   0.368643  0.822222
252      6   2061.0   461.105469               24.230099      40.528819      16.999367      2.384137   0.331619  0.771044
253      6   2747.0   614.583563               27.973418      45.511418      22.172463      2.052610   0.223501  0.669184
254      6   2129.0   476.319041               24.626576      44.418433      19.783925      2.245178   0.248174  0.619075
255      6    914.0   204.488306               16.135755      21.235529      13.188463      1.610160   0.563344  0.844732
256      6   1173.0   262.434117               18.279538      21.986457      17.136434      1.283024   0.522737  0.792032
257      6   1557.0   348.346053               21.060104      27.137059      17.225400      1.575409   0.564288  0.871781
258      6   1804.0   403.607116               22.669110      41.913702      18.554794      2.258915   0.261753  0.657674
259      6   2850.0   637.627650               28.493030      42.348475      27.075749      1.564074   0.195377  0.700935
260      6    727.0   162.650983               14.390749      19.625683      11.709569      1.676038   0.580992  0.833716
261      6   2231.0   499.139399               25.209602      41.442969      19.935059      2.078899   0.275154  0.677909
262      6   3015.0   674.542935               29.306224      44.865456      26.099178      1.719037   0.204568  0.694540
263      6   3227.0   721.973483               30.319057      51.223731      24.086003      2.126701   0.242077  0.704739
264      6   1723.0   385.485067               22.154341      24.919044      23.033606      1.081856   0.543894  0.850864
265      6   1709.0   382.352861               22.064152      27.652700      24.894765      1.110784   0.387490  0.686897
266      6   1871.0   418.596959               23.086234      54.323831      12.640124      4.297729   0.233177  0.672055
267      6   1352.0   302.481608               19.624769      28.051700      17.018663      1.648290   0.416516  0.718003
268      6   1267.0   283.464643               18.997852      26.792164      14.994464      1.786804   0.548049  0.840186
269      6   2558.0   572.298782               26.993952      42.704592      22.360940      1.909785   0.251871  0.716125
270      6   2121.0   474.529209               24.580264      43.659324      24.228448      1.801986   0.189258  0.601873
271      6    571.0   127.749259               12.753643      14.693014      11.962771      1.228228   0.668106  0.899213
272      6   1341.0   300.020589               19.544771      30.066773      14.166803      2.122340   0.550285  0.827267
273      6   2539.0   568.047931               26.893514      47.703417      21.232669      2.246699   0.214552  0.641648
274      6    897.0   200.684913               15.984992      25.585125      12.258353      2.087159   0.423759  0.786152
275      6   1041.0   232.901889               17.220334      22.029920      16.229877      1.357368   0.550403  0.823576
276      6   2750.0   615.254750               27.988688      44.455200      26.210384      1.696091   0.179816  0.644330
277      6   1317.0   294.651093               19.369084      23.621243      18.128391      1.302997   0.397539  0.797698
278      6   1689.0   377.878281               21.934666      32.846500      18.425452      1.782670   0.358493  0.727390
279      6   1248.0   279.213792               18.854868      28.455475      15.657814      1.817334   0.428636  0.761905
280      6    952.0   212.990008               16.467766      18.396565      15.957005      1.152883   0.655489  0.869406
281      6   3469.0   776.115901               31.435354      75.316626      20.789908      3.622749   0.163768  0.544072
282      6    774.0   173.166246               14.848640      18.847546      13.144693      1.433852   0.610058  0.866741
283      6   1052.0   235.362908               17.311076      20.968452      15.233638      1.376457   0.655390  0.883291
284      6    546.0   122.156034               12.471323      15.294196      10.965323      1.394778   0.718219  0.951220
285      6    788.0   176.298452               14.982328      18.208784      13.600510      1.338831   0.653574  0.865934
286      6   1148.0   256.840892               18.083694      28.984612      12.493931      2.319895   0.426924  0.790089
287      6   2323.0   519.722467               25.724136      58.951879      21.035930      2.802437   0.168672  0.482350
288      6    587.0   131.328923               12.931093      16.934825      10.603189      1.597145   0.677741  0.872214
289      6    755.0   168.915395               14.665257      17.682860      14.471080      1.221945   0.477536  0.790576
290      6   1919.0   429.335951               23.380494      41.603316      21.574474      1.928358   0.181148  0.543780
291      6   1055.0   236.034095               17.335742      26.016731      14.361003      1.811624   0.367928  0.741913
292      6   2517.0   563.125893               26.776747      35.878898      26.952877      1.331171   0.303434  0.725988
293      6   1057.0   236.481553               17.352166      24.372151      14.399923      1.692520   0.517126  0.830975
294      6   1434.0   320.827386               20.211138      29.125282      15.218376      1.913823   0.465303  0.837617
295      6   1481.0   331.342649               20.539683      32.108048      15.262633      2.103703   0.384847  0.772158
296      6   1557.0   348.346053               21.060104      29.287898      18.158221      1.612928   0.359539  0.826433
297      6   2201.0   492.427529               25.039533      46.720351      19.835866      2.355347   0.174939  0.600055
298      6   3567.0   798.041343               31.876289      57.567507      25.253262      2.279607   0.177246  0.646079
299      6   6156.0  1377.275724               41.876030      65.701554      56.555112      1.161726   0.093068  0.515276
300      6   1749.0   391.302021               22.320869      34.016480      17.522858      1.941263   0.336778  0.800091
302      6   4467.0   999.397443               35.671730     102.094417      25.492274      4.004916   0.116830  0.434999
303      6   1099.0   245.878171               17.693553      20.194875      17.177030      1.175691   0.516111  0.838931
304      6    983.0   219.925607               16.733738      26.219674      15.682337      1.671924   0.355491  0.665538
305      6   1023.0   228.874767               17.070806      23.114617      16.355544      1.413259   0.408118  0.736501
306      6    505.0   112.983145               11.993940      16.150558       9.733928      1.659203   0.560961  0.870690
307      6   2652.0   593.329308               27.485457      55.430965      21.991931      2.520514   0.232602  0.612047
308      6   1231.0   275.410399               18.726009      30.410475      13.431245      2.264159   0.519806  0.826729
309      6   3454.0   772.759966               31.367317      61.683291      28.476251      2.166131   0.133822  0.571381
310      6   1582.0   353.939278               21.228506      31.015442      21.116925      1.468748   0.319633  0.650761
311      6    517.0   115.667893               12.135606      15.928296       9.905022      1.608103   0.707296  0.916667
313      6   1625.0   363.559625               21.515076      42.742336      14.307841      2.987337   0.241446  0.686233
314      6   2758.0   617.044582               28.029370      57.566380      30.652559      1.878029   0.105342  0.486506
315      6    684.0   153.030636               13.958677      19.468845      10.739367      1.812848   0.618542  0.878049
316      6   1122.0   251.023938               17.877740      29.083960      13.581047      2.141511   0.338914  0.733813
317      6   2620.0   586.169980               27.319129      43.861951      25.100514      1.747452   0.200102  0.681227
318      6    628.0   140.501812               13.375069      16.127637      11.523975      1.399486   0.748670  0.923529
319      6   1713.0   383.247777               22.089958      32.935706      20.335277      1.619634   0.295929  0.703491
320      6   2623.0   586.841167               27.334765      44.823114      24.123418      1.858075   0.254774  0.663211
321      6    896.0   200.461184               15.976079      20.886447      13.311329      1.569073   0.595204  0.865700
322      6    760.0   170.034040               14.713737      22.086657      12.801082      1.725374   0.405122  0.769231
323      6   3048.0   681.925992               29.466169      44.552517      30.311516      1.469821   0.176837  0.643309
324      6   2078.0   464.908862               24.329824      35.849605      18.647757      1.922462   0.403505  0.807932
325      6   1498.0   335.146042               20.657231      31.163802      23.642973      1.318100   0.287128  0.620290
326      6   1791.0   400.698639               22.587283      38.327489      14.931986      2.566805   0.472087  0.793180
327      6    909.0   203.369661               16.091560      20.688380      14.501062      1.426680   0.533193  0.830896
328      6   2578.0   576.773362               27.099274      61.732619      19.503582      3.165194   0.231816  0.624364
329      6   1257.0   281.227353               18.922732      23.151327      19.257813      1.202178   0.355971  0.721999
330      6   2054.0   459.539366               24.188917      32.299315      25.963753      1.244016   0.192502  0.658967
332      6    518.0   115.891622               12.147337      14.890611      11.504209      1.294362   0.588688  0.813187
333      6   2395.0   535.830955               26.119747      42.326858      22.114931      1.913949   0.236142  0.683700
334      6   1783.0   398.908807               22.536780      38.795337      16.852543      2.302047   0.360039  0.742607
335      6   1858.0   415.688482               23.005891      32.656588      22.930287      1.424168   0.212224  0.684851
337      6   1545.0   345.661305               20.978790      31.645162      17.760359      1.781786   0.291565  0.742432
339      6   4643.0  1038.773747               36.367675     106.045072      27.511661      3.854550   0.104783  0.460022